0 2
1 1
1 2
2 0
2 1
2 2
2 131
2 132
3 0
3 1
3 2
3 131
3 132
3 133
4 0
4 1
4 2
4 131
4 132
4 133
5 0
5 1
5 2
5 131
5 132
5 133
6 0
6 1
6 2
6 131
6 132
6 133
7 0
7 1
7 2
7 131
7 132
7 133
8 0
8 1
8 2
8 131
8 132
8 133
9 0
9 1
9 2
9 131
9 132
9 133
10 0
10 1
10 2
10 131
10 132
10 133
11 0
11 1
11 2
11 131
11 132
11 133
12 0
12 1
12 2
12 131
12 132
12 133
13 0
13 1
13 2
13 131
13 132
13 133
14 0
14 1
14 2
14 131
14 132
14 133
15 0
15 1
15 2
15 131
15 132
15 133
16 0
16 1
16 2
16 131
16 132
16 133
17 0
17 1
17 2
17 131
17 132
17 133
18 0
18 1
18 2
18 131
18 132
18 133
19 0
19 1
19 2
19 131
19 132
19 133
20 0
20 1
20 2
20 131
20 132
20 133
21 0
21 1
21 2
21 131
21 132
21 133
22 0
22 1
22 2
22 131
22 132
22 133
23 0
23 1
23 2
23 131
23 132
23 133
24 0
24 1
24 2
24 131
24 132
25 1
25 2
26 2
